[[0.383906928003544,
  [[0.38383837001567755, 0.0003333333333333334],
   [0.38183323556042986, 0.0009166666666666668],
   [0.3835034673583613, 0.0013833333333333334],
   [0.3838203342342588, 0.0004166666666666667],
   [0.38314392256752405, 0.0005833333333333333],
   [0.38364766609343537, 0.00205],
   [0.3840289947374408, 0.0003333333333333334],
   [0.38331922626377923, 0.0005833333333333333],
   [0.3827565859573164, 0.00205],
   [0.38451006634299595, 0.0009166666666666668]]],
 [0.44173906090493176,
  [[0.44111540112779896, 0.0005833333333333333],
   [0.4419267148447159, 0.0005833333333333333],
   [0.4421035209881122, 0.0003333333333333334],
   [0.4416899445137946, 0.0003333333333333334],
   [0.44153312003963135, 0.0003333333333333334],
   [0.441308549159178, 0.0003333333333333334],
   [0.4433240242890277, 0.00205],
   [0.44198450364814973, 0.0003333333333333334],
   [0.4434711901600282, 0.00205],
   [0.4427483819540411, 0.00205]]]]